Ἢυ

 

4.- 101. 111 1 32. 1v 1 17. 47. 86. 88. 90. 1 26. 95. 11145. 166. 1 33.-131.
105. 11 15. 21. 23108. 111 159. 166. (bis) 223.

. V 89. 92. 52. 67.

38.

63. 64. 76.
148. 176.
7. ΙΙ 49.
19. 26. 27. —-
7. 29.
72.
51.
90.

...n .—

.-

86.-118.
44.
31. 37.

19. 32. 52.

35. 47. 59. II 9. 114.
2. 4. 13. 19. V111. 16.
Ι. V 21. 23. X 15. XII
'11 6. 7. 27. 1. 30.

, 32. IX 12.

[Ι 6. 9. 15. 44

5 ’ , - -6, ,
· —hme'. zui—tumens

 

4ξῖ 55. 56. 73. 85.

117.123.

8. 11. 47.
46.

 

 

32.
56.

11126.55.129. 168. 1v v 30, 36. 59.

33. 113. 114. 142. V
11. 45. 63. 82. 158.
173.

5. 6. 39.

2. 63. 65. 67. 94. 101. 59.

13. 23. 51.
8. 31.

111

16.

111111111

27.

1111111,1111

Β. XIII, Ι, 1--4.

.-

13. 15. 64. 66.
81. 158.

II 30. 85. 90.

1 2. 24.
35.

13. 23.

73. 113.

2.

45.

1.

33.

42. 50. 62. 81.:

14. 52. 58.

21.
Ι 15. V 10. 16. 35.

VI 15. VIII 12. X 18.
XII 26.

B. ΧΙΙΙ, V, 3.

9.
Quamvis —
tamen .

22.

11111

111

11111111111111

64.

21.

26.
30.

10.

Si (sin, quod si) — tamen.

49. 52. 78. 80.
10. 102. 103.

2915). 32436001). 62
I 2. 37. 70. 107. 110.
II 15. 45. 49. 99. 117.
139. 143. 155. ΙΙΙ 32.
91. 95. 127.169.176.
1V11.91.114.V19.·20.
74. 148.150.151.171.
5. 36.

18. 34.

8. 98. 102.

50.

10. 18. 63. 103 126.
174 (bis).

1135. 77. 79. 85. 101.
1 29. II 10. 16.1117.
IV 20.

2. 24. 31. 104.

25. 26. 36.37.61.71.83.
16. 17.

24.

6.
78.88.12·2.1·24.139143
2. 54.

44. 54. 57.

39.

18. 35. 40. 41. 47.
7. 37. 38.

18. 19. 32. 57. 81. 99.
4. 5.15.16. 31. 32.90.
5. 41. 49.

ΞΞῘ 68. 72. 78. 83. 99.

16.
9. 25. 28.

II 39. 68. Ι 10. V 8. 34. X 14.
(bis) 116. 20. XI 27. XII 17.
V 10. 26. XIII. 17. 18.

XI 22.

 

 

————-v⁷*-v-s—·r-—- aa.. *n = W„ -.vv-<v pq... < -. ἃ.---

