     

Muren. 8. 36. 69. ,
Flacc. 8. 74. 76. 77. (4)

Sulla 1. 6. 16. 20. 23. 25. 26. 38. 38. 50. 62. (11)
Arch. 2. 10. 11. (3)
Sen. 3. 11. 16. 17. 25. 31. (6)
Quir. 8. 11. 22. (3)
Dom. 13. 26. 47. 48. 51. 51. 58. 64. 80. 81. 82. 83. 88. 97. 105. 126. 140. (17)
Har. resp. 8. 11. 13. 24. 26. 33. 37. 37. 38. 40. 61. (11)
Sest. 20. 33. 44. 52. 54. 56. 64. 73. 79. 118. 118. 134. (12)
Vatin. 27. 35. (2)
Cael. 1. 10. 20. 23. 34. 43. 78. (7)
Prov. cons. 14. 39. 42. 42. 42. (5)
Ball). ‘ (ο)
Piso 1. ιι. 15. 22. 23. 23. 27. 39. 42. 55. 65, 65. 67. 68. 79. Sl. 81.

83. 97. (19)
Plane. 12. 30. 40. 45. 48. 49. 53. 54. 58. 62. 66, 73. 90. (13)
Scaur. 19. 38. (2)
Rabir. Post. 36. (1)
Milo 2. 16. 30. 45. 45. 47. 48. 82. 85. 88. 99. (11)
Marcell. 14. 25. (2)
Ligar. 4. 12. 30. (3)
Deiot. 3. 17. 36. ’ (3)
Phil. 1 3. 14. 16. 23. 25. (5)
Phil. ll 1. -10, 10. 17. 21. 21. 26. 27. 39. 41. 49. 54, 61. 72. 74.96. 115. (17)
Phil. 111 3. 9. l2. 14. 20. 21. 31. (7)
Phil. lV 9. ⁴ (1)
Phil. V 7. 14. 24. 24. 25. 33. 33. 37. 48. (9)
Phil. Vl 16. (1)
Phil. Vll 15. 16. 21. (3)
Phil. Vlll 5. 16. lb. 20. 21. (5)
Phil. ΙΧ (0)
Phil. X l. 7. 11. 12, 20. (5)
Phil. Xl 9. 18. 20. 23. 25. 25. 32. 32. 34. (9)
Phil. ΧΗ 4. 4. 11. 14. 16. 20. 26. 29. (si

 

 

 

   

 

