 

 

 

.——-——-.——-

1'] 10 -

adiecimus¹ indicantem omnes eos locos orationum Tullialmrum, in quibus ne -—
{leudem legitur, qua in tabula componenda ut plena ⁴et cumulata esset exem-
plorum copia assidua nobis cura adhibita est:

Quinct. 41. 46. 49. 50. 51. 53. 53. 59. 60. 65. 69. 71. 73. 81. 85. 86.

88. 89. 89. 96. 96. (21)
Sex. Rosc. 2. 24. 33. 38. 39. 39. 46. 52. 54. 54. 59. 64. 65. 66. 72. 72.

73. 76. 78. 78. 79. 84. 94. 137. 139. 146. 152. (27)
Q. Rosc, 30. ' (1)
Div. Caec, 3. 16. 34. 35. 40. 44. 48. 59. 60. 70. (10)
Verr. τι. pr. 6. 22. 31. 38. (4)
Verr. Ι 2. 6. 10. 15. 36. 47. 48. 61. 64. 72. 87. 90. 98. 111. 128. 144.

155. 158. (18)
Verr. 11 4. 6. 20. 43. 57. 65. 71. 77. 78. 78. 92. 98. 106. 113. 120. 121.

122. 124. 124..128. 136. 141. 159. 164. 178. 179. (26)

verr. 111 4. 14. 14. 23. 23. 33. 43. 43. 31. 93. 93. 103. 112. 114. 115.
120. 125. 126. 132. 134. 134. 175. 130. 137. 205. 210. 210. 212.
212. 221. 225. 225. 132)

verr. {V 2. 2. 47. 43. 51. 71. 73. 73. 00. 33101. 101. 102. 143. 146. (15)

Verr. v 0. 11. 20. 21. 20. 40. 40. 40. 52. 59. 65. 00. 111. 125. 133.

163. 165. 166. 187. (19)
Tull. 43. 50. (2)
Font. 31. 37. 37. 39. 40. (5)
Caecin. 29. 37. 47. 50. 51. 53. 55. 58. 59. 59. 72. 73. 85. 92. (14)
Imp. Pomp. 17. 39. 39. 40. (4)
Cluent. 9. 13. 31. 35. 50. 67. 68. Sl. 89. 93. 99. 107. 120. 126. 155.

160. 178. 178. 185. (19)
Leg. agr. 1 3. 17. (2)
Leg. agr. 11 18. 24. 27. 41. 47. 56. 65, 68. 78. 79. 84. (11)
Leg: agr. 111 (0)
Rabir. 8. 13. 30. , · (3)
Catil. 1 25 (1)
Catil. 11 4. 8. 20. 21. 25. (5)
catil. 111 24. (1)
Catil. 1V 4. 19. (2)

 

 

 

